1546307404 0 0 0 0 1 0
1546307843 0 0 0 0 2 0
1546324671 0 0 0 0 3 0
1546393097 0 0 0 0 3 1
1546488250 0 0 0 0 4 1
1551850083 1 0 0 0 4 1
1553651252 2 0 0 0 4 1
1553659252 3 0 0 0 4 1
1553740654 4 0 0 0 4 1
1553745228 5 0 0 0 4 1
1560182213 6 0 0 0 4 1
1560225636 7 0 0 0 4 1
1560830067 8 0 0 0 4 1
1560916078 9 0 0 0 4 1
1560917597 10 0 0 0 4 1
1560963542 11 0 0 0 4 1
1561000405 12 0 0 0 4 1
1563244360 13 0 0 0 4 1
1563728673 14 0 0 0 4 1
1563737937 15 0 0 0 4 1
1564718564 16 0 0 0 4 1
1566068049 17 0 0 0 4 1
1566068677 18 0 0 0 4 1
1566068850 19 0 0 0 4 1
1566068934 20 0 0 0 4 1
1566069038 21 0 0 0 4 1
1566069562 22 0 0 0 4 1
1566069692 23 0 0 0 4 1
1566069954 24 0 0 0 4 1
1566076240 25 0 0 0 4 1
1566076323 26 0 0 0 4 1
1567378869 26 0 0 1 4 1
1567389206 26 0 0 2 4 1
1567454767 26 0 0 3 4 1
1567455268 26 0 0 4 4 1
1567480055 26 0 0 4 4 2
1568858337 27 0 0 4 4 2
1579532372 27 0 1 4 4 2
1579548717 27 0 2 4 4 2
1584574222 27 0 3 4 4 2
1584621305 27 0 4 4 4 2
1585011160 27 0 5 4 4 2
1585107378 27 0 6 4 4 2
1586134906 27 0 7 4 4 2
1586573519 27 0 8 4 4 2
1586913701 27 0 9 4 4 2
1587602286 27 0 10 4 4 2
1587602558 27 0 11 4 4 2
1597448223 27 0 12 4 4 2
1597448716 27 0 13 4 4 2
1597457279 27 0 14 4 4 2
1597597303 27 0 15 4 4 2
1597599500 27 0 16 4 4 2
1597717431 27 0 17 4 4 2
1598230003 27 0 18 4 4 2
1598232313 27 0 19 4 4 2
1598286644 27 0 20 4 4 2
1598289852 27 0 21 4 4 2
1598397687 27 0 22 4 4 2
1598409859 27 0 23 4 4 2
1598456012 27 0 24 4 4 2
1599412100 27 0 25 4 4 2
1599433367 27 0 26 4 4 2
1599441446 27 0 27 4 4 2
1599500549 27 0 28 4 4 2
1600299031 28 0 28 4 4 2
1601158379 28 1 28 4 4 2
1601158435 28 2 28 4 4 2
1602023538 28 3 28 4 4 2
1602449637 28 4 28 4 4 2
1602460550 28 5 28 4 4 2
1602955598 28 6 28 4 4 2
1606958558 28 7 28 4 4 2
1607009444 28 8 28 4 4 2
1611532347 28 9 28 4 4 2
1611532437 28 10 28 4 4 2
1611532495 28 11 28 4 4 2
1611533582 28 12 28 4 4 2
1611586792 28 13 28 4 4 2
1611626422 28 14 28 4 4 2
1611672676 28 15 28 4 4 2
1612145257 28 16 28 4 4 2
1612204216 28 17 28 4 4 2
1612204485 28 18 28 4 4 2
1612205479 28 19 28 4 4 2
1612205795 28 20 28 4 4 2
1612206102 28 21 28 4 4 2
1612206480 28 22 28 4 4 2
1612225918 28 23 28 4 4 2
1612540403 28 24 28 4 4 2
1612540634 29 24 28 4 4 2
1612541054 29 25 28 4 4 2
1612541129 29 26 28 4 4 2
1612541712 29 27 28 4 4 2
1612550648 29 28 28 4 4 2
1612557919 29 29 28 4 4 2
1612743309 29 30 28 4 4 2
1613237105 29 31 28 4 4 2
1614790016 29 32 28 4 4 2
1618274121 29 33 28 4 4 2
1618275174 29 34 28 4 4 2
1649719597 29 35 28 4 4 2
1649724160 29 36 28 4 4 2
1649804365 29 37 28 4 4 2
1649804465 29 38 28 4 4 2
1649804512 29 39 28 4 4 2
1649806777 29 40 28 4 4 2
1649809949 29 41 28 4 4 2
1654642128 29 42 28 4 4 2
1654701586 29 43 28 4 4 2
1654717701 29 44 28 4 4 2
1654998977 29 45 28 4 4 2
1655002413 29 46 28 4 4 2
1656725505 29 47 28 4 4 2
1662309121 29 48 28 4 4 2
1662334525 29 49 28 4 4 2
1662347052 29 50 28 4 4 2
1665690840 29 51 28 4 4 2
1665690962 29 52 28 4 4 2
1665692331 29 53 28 4 4 2
1665693008 29 54 28 4 4 2
1665693792 29 55 28 4 4 2
1673720368 30 55 28 4 4 2
1704054143 31 55 28 4 4 2
1704054244 32 55 28 4 4 2
1704142595 33 55 28 4 4 2
1704156597 34 55 28 4 4 2
1704171185 35 55 28 4 4 2
1704171841 36 55 28 4 4 2
1704175727 37 55 28 4 4 2
1704184914 38 55 28 4 4 2
1704188055 39 55 28 4 4 2
1704219815 40 55 28 4 4 2
1704232327 41 55 28 4 4 2
1705440948 42 55 28 4 4 2
1705820075 43 55 28 4 4 2
1705843748 44 55 28 4 4 2
1705929837 45 55 28 4 4 2
1705954623 46 55 28 4 4 2
1705954774 47 55 28 4 4 2
1706213452 48 55 28 4 4 2
1706303620 49 55 28 4 4 2
1706400434 50 55 28 4 4 2
1706481700 51 55 28 4 4 2
1706721336 52 55 28 4 4 2
1706727337 53 55 28 4 4 2
1706806567 54 55 28 4 4 2
1706818067 55 55 28 4 4 2
1706976924 56 55 28 4 4 2
1706984699 57 55 28 4 4 2
1707076798 58 55 28 4 4 2
1707149146 59 55 28 4 4 2
1707153211 60 55 28 4 4 2
1707319063 61 55 28 4 4 2
1707336962 62 55 28 4 4 2
1707424524 63 55 28 4 4 2
1707510198 64 55 28 4 4 2
1707513439 65 55 28 4 4 2
1707768580 66 55 28 4 4 2
1708026616 67 55 28 4 4 2
1708029866 68 55 28 4 4 2
1708797546 69 55 28 4 4 2
1708864114 70 55 28 4 4 2
1708880181 71 55 28 4 4 2
1708881025 72 55 28 4 4 2
1708935807 73 55 28 4 4 2
1708948135 74 55 28 4 4 2
1708958830 75 55 28 4 4 2
1709020260 76 55 28 4 4 2
1709020348 77 55 28 4 4 2
1709053029 78 55 28 4 4 2
1709103049 79 55 28 4 4 2
1709103458 80 55 28 4 4 2
1709316412 81 55 28 4 4 2
1709362702 82 55 28 4 4 2
1709391828 83 55 28 4 4 2
1709395663 84 55 28 4 4 2
1709400160 85 55 28 4 4 2
1709454598 86 55 28 4 4 2
1709456052 87 55 28 4 4 2
1709456391 88 55 28 4 4 2
1709456464 89 55 28 4 4 2
1709456618 90 55 28 4 4 2
1709456692 91 55 28 4 4 2
1709456778 92 55 28 4 4 2
1709456969 93 55 28 4 4 2
1709486195 94 55 28 4 4 2
1709521709 95 55 28 4 4 2
1709550137 96 55 28 4 4 2
1709667025 97 55 28 4 4 2
1709697870 98 55 28 4 4 2
1709717189 99 55 28 4 4 2
1709729843 100 55 28 4 4 2
1709745965 101 55 28 4 4 2
1709793818 102 55 28 4 4 2
1709870223 103 55 28 4 4 2
1709981407 104 55 28 4 4 2
1710006210 105 55 28 4 4 2
1710090647 106 55 28 4 4 2
1710128291 107 55 28 4 4 2
1710143314 108 55 28 4 4 2
1710145679 109 55 28 4 4 2
1710153445 110 55 28 4 4 2
1710154336 111 55 28 4 4 2
1710155006 112 55 28 4 4 2
1710220264 113 55 28 4 4 2
1710243375 114 55 28 4 4 2
1710267376 115 55 28 4 4 2
1710321341 116 55 28 4 4 2
1710351629 117 55 28 4 4 2
1710391765 118 55 28 4 4 2
1710406693 119 55 28 4 4 2
1710406999 120 55 28 4 4 2
1710408231 121 55 28 4 4 2
1710408830 122 55 28 4 4 2
1710492445 123 55 28 4 4 2
1710493065 124 55 28 4 4 2
1710494106 125 55 28 4 4 2
1710501223 126 55 28 4 4 2
1710501681 127 55 28 4 4 2
1710502785 128 55 28 4 4 2
1710598789 129 55 28 4 4 2
1710609054 130 55 28 4 4 2
1711878308 131 55 28 4 4 2
1711984675 132 55 28 4 4 2
1712055239 133 55 28 4 4 2
1712074521 134 55 28 4 4 2
1712119129 135 55 28 4 4 2
1712123011 136 55 28 4 4 2
1712124985 137 55 28 4 4 2
1712149612 138 55 28 4 4 2
1712197593 139 55 28 4 4 2
1712198546 140 55 28 4 4 2
1712216904 141 55 28 4 4 2
1712221607 142 55 28 4 4 2
1712223848 143 55 28 4 4 2
1712241701 144 55 28 4 4 2
1712246969 145 55 28 4 4 2
1712298434 146 55 28 4 4 2
1712310798 147 55 28 4 4 2
1712329926 148 55 28 4 4 2
1712357083 149 55 28 4 4 2
1712384010 150 55 28 4 4 2
1712396096 151 55 28 4 4 2
1712397167 152 55 28 4 4 2
1712410555 153 55 28 4 4 2
1712445231 154 55 28 4 4 2
1712450731 155 55 28 4 4 2
1712461831 156 55 28 4 4 2
1712470763 157 55 28 4 4 2
1712501954 158 55 28 4 4 2
1712548122 159 55 28 4 4 2
1712646324 160 55 28 4 4 2
1712661510 161 55 28 4 4 2
1712673489 162 55 28 4 4 2
1712673796 163 55 28 4 4 2
1712709684 164 55 28 4 4 2
