1546307404 11213
1546307843 11219
1546324671 25695
1546393097 25814
1546488250 26170
1551850083 26179
1553651252 26308
1553659252 26318
1553740654 26409
1553745228 26415
1560182213 26635
1560225636 26676
1560830067 26741
1560916078 26918
1560917597 26751
1560963542 27117
1561000405 30301
1563244360 30359
1563728673 30969
1563737937 31167
1564718564 31358
1566068049 31358
1566068677 31378
1566068850 31380
1566068934 31380
1566069038 31349
1566069562 31367
1566069692 31368
1566069954 31373
1566076240 31520
1566076323 31523
1567378869 32373
1567389206 32320
1567454767 32462
1567455268 32471
1567480055 32666
1568858337 33831
1579532372 37919
1579548717 37984
1584574222 38103
1584621305 38153
1585011160 38191
1585107378 38189
1586134906 38436
1586573519 38464
1586913701 38481
1587602286 38675
1587602558 38671
1597448223 38947
1597448716 38947
1597457279 38941
1597597303 39007
1597599500 40162
1597717431 40216
1598230003 40041
1598232313 40043
1598286644 102664
1598289852 34439
1598397687 34888
1598409859 34921
1598456012 34957
1599412100 57489
1599433367 57728
1599441446 57787
1599500549 58059
1600299031 58070
1601158379 58069
1601158435 36394
1602023538 36397
1602449637 36493
1602460550 36532
1602955598 36606
1606958558 37701
1607009444 37218
1611532347 37105
1611532437 37105
1611532495 37105
1611533582 37105
1611586792 37097
1611626422 37068
1611672676 37092
1612145257 36995
1612204216 36998
1612204485 36998
1612205479 37004
1612205795 37007
1612206102 37011
1612206480 37011
1612225918 37021
1612540403 37021
1612541054 37019
1612541129 37020
1612541712 37114
1612550648 37122
1612557919 37143
1612743309 37255
1613237105 37256
1614790016 37267
1618274121 37174
1618275174 37174
1649719597 38428
1649724160 38429
1649804365 38371
1649804465 38371
1649804512 38371
1649806777 38373
1649809949 38554
1654642128 38563
1654701586 38588
1654717701 38605
1654998977 66062
1655002413 66128
1656725505 66129
1662309121 68591
1662334525 68590
1662347052 68632
1665690840 67454
1665690962 67454
1665692331 67487
1665693008 67496
1665693792 67502
1704054143 69092
1704054244 69092
1704142595 69177
1704156597 69350
1704171185 68798
1704171841 68795
1704175727 68986
1704184914 68697
1704188055 68725
1704219815 68910
1704232327 68928
1705440948 69128
1705820075 69493
1705843748 69495
1705929837 69684
1705954623 69777
1705954774 69776
1706213452 69792
1706303620 69940
1706400434 69996
1706481700 70411
1706721336 70577
1706727337 70615
1706806567 70706
1706818067 71086
1706976924 69880
1706984699 69896
1707076798 69987
1707149146 73774
1707153211 73872
1707319063 74339
1707336962 74657
1707424524 74743
1707510198 74767
1707513439 75069
1707768580 91599
1708026616 91622
1708029866 91474
1708797546 84600
1708864114 84625
1708880181 85013
1708881025 84967
1708935807 84956
1708948135 56327
1708958830 56375
1709020260 56528
1709020348 56531
1709053029 56547
1709103049 56589
1709103458 56591
1709316412 56869
1709362702 56870
1709391828 56884
1709395663 56894
1709400160 56904
1709454598 57164
1709456052 57200
1709456391 57198
1709456464 57194
1709456618 57194
1709456692 57194
1709456778 57193
1709456969 57193
1709486195 57301
1709521709 57683
1709550137 57749
1709667025 58147
1709697870 58220
1709717189 58173
1709729843 58157
1709745965 58150
1709793818 58176
1709870223 58250
1709981407 59306
1710006210 59464
1710090647 59618
1710128291 57609
1710143314 57644
1710145679 58051
1710153445 58267
1710154336 58375
1710155006 58375
1710220264 68332
1710243375 69337
1710267376 69452
1710321341 69514
1710351629 69636
1710391765 69532
1710406693 69783
1710406999 69785
1710408231 69818
1710408830 69826
1710492445 70286
1710493065 70308
1710494106 70310
1710501223 70328
1710501681 70330
1710502785 70334
1710598789 71924
1710609054 73531
1711878308 73845
1711984675 73884
1712055239 74572
1712074521 74751
1712119129 74950
1712123011 74772
1712124985 74774
1712149612 74750
1712197593 74737
1712198546 74745
1712216904 75147
1712221607 75166
1712223848 75174
1712241701 74516
1712246969 75205
1712298434 75315
1712310798 75327
1712329926 75523
1712357083 80718
1712384010 80711
1712396096 80904
1712397167 53966
1712410555 54450
1712445231 54558
1712450731 54196
1712461831 54346
1712470763 54444
1712501954 54658
1712548122 54689
1712646324 55486
1712661510 56093
1712673489 56681
1712673796 56683
1712709684 44443
